%YAML:1.0

#common parameters
imu_topic: "/imu0"
image_topic: "/cam0/image_raw"
# output_path: "/home/hyj/slam_course_vins"
output_path: "/home/kiki/桌面/reference_own/learn_sample/vio/7/作业代码答案/VINS-Course/output"

#camera calibration 
camera_model: pinhole
camera_name: camera
distortion_model: radtan
image_width: 752
image_height: 480
#camera0
cam0_distortion_parameters:
   k1: -0.28340811
   k2: 0.07395907
   p1: 0.00019359
   p2: 1.76187114e-05
cam0_projection_parameters:
   fx: 458.654
   fy: 457.296
   cx: 367.215
   cy: 248.375
timeshift_cam0_imu: 0.0

#cam1
cam1_distortion_parameters:
   k1: -0.28368365
   k2: 0.07451284
   p1: -0.00010473
   p2: -3.55590700e-05
cam1_projection_parameters:
   fx: 457.587
   fy: 456.134
   cx: 379.999
   cy: 255.238
timeshift_cam1_imu: 0.0

T_cam0_imu:
   rows: 4
   cols: 4
   dt: d
   data: [0.014865542981794,   0.999557249008346,  -0.025774436697440,   0.065222909535531,
    	  -0.999880929698575,   0.014967213324719,   0.003756188357967,  -0.020706385492719,
          0.004140296794224,   0.025715529947966,   0.999660727177902,  -0.008054602460030,
                     0,                   0,                   0,   1.000000000000000]
T_cam1_imu:
   rows: 4
   cols: 4
   dt: d
   data: [0.012555267089103,   0.999598781151433,  -0.025389800891747,  -0.044901980682509,
    	  -0.999755099723116,   0.013011905181504,   0.017900583825251,  -0.020569771258915,
     	  0.018223771455443,   0.025158836311552,   0.999517347077547,  -0.008638135126028,
                       0,                   0,                   0,   1.000000000000000]
T_cam0_cam1:   #表示 Tc1c0
   rows: 4
   cols: 4
   dt: d
   data: [0.999997256477881,   0.002312067192424,   0.000376008102415,  -0.110073808127187, 
    	-0.002317135723281,   0.999898048506644,   0.014089835846648,   0.000399121547014,
    	-0.000343393120525,  -0.014090668452714,   0.999900662637729,  -0.000853702503357, 
                     0,                   0,                   0,   1.000000000000000]
                     

#feature traker paprameters
max_cnt: 150            # max feature number in feature tracking
min_dist: 30            # min distance between two features 
freq: 10                # frequence (Hz) of publish tracking result. At least 10Hz for good estimation. If set 0, the frequence will be same as raw image 
F_threshold: 1.0        # ransac threshold (pixel)
show_track: 1           # publish tracking image as topic
equalize: 1             # if image is too dark or light, trun on equalize to find enough features
fisheye: 0              # if using fisheye, trun on it. A circle mask will be loaded to remove edge noisy points

#optimization parameters
max_solver_time: 0.04  # max solver itration time (ms), to guarantee real time
max_num_iterations: 8   # max solver itrations, to guarantee real time
keyframe_parallax: 10.0 # keyframe selection threshold (pixel)

#imu parameters       The more accurate parameters you provide, the better performance
acc_n: 0.08          # accelerometer measurement noise standard deviation. #0.2   0.04
gyr_n: 0.004         # gyroscope measurement noise standard deviation.     #0.05  0.004
acc_w: 0.00004         # accelerometer bias random work noise standard deviation.  #0.02
gyr_w: 2.0e-6       # gyroscope bias random work noise standard deviation.     #4.0e-5
g_norm: 9.81007     # gravity magnitude

#loop closure parameters
loop_closure: 0                    # start loop closure
load_previous_pose_graph: 0        # load and reuse previous pose graph; load from 'pose_graph_save_path'
fast_relocalization: 0             # useful in real-time and large project
# pose_graph_save_path: "/home/hyj/slam_course_vins/" # save and load path
pose_graph_save_path: "/home/kiki/桌面/reference_own/learn_sample/vio/7/作业代码答案/VINS-Course/output/" # save and load path


#unsynchronization parameters
estimate_td: 0                      # online estimate time offset between camera and imu
td: 0.0                             # initial value of time offset. unit: s. readed image clock + td = real image clock (IMU clock)

#rolling shutter parameters
rolling_shutter: 0                  # 0: global shutter camera, 1: rolling shutter camera
rolling_shutter_tr: 0               # unit: s. rolling shutter read out time per frame (from data sheet). 

#visualization parameters
save_image: 0                   # save image in pose graph for visualization prupose; you can close this function by setting 0 
visualize_imu_forward: 0        # output imu forward propogation to achieve low latency and high frequence results
visualize_camera_size: 0.4      # size of camera marker in RVIZ
